Enfermedades_del_sistema_genitourinario
512
454
475
457
443
384
394
431
401
461
437
553
608
461
477
405
447
420
483
429
402
440
455
509
456
456
493
409
443
394
500
419
355
445
419
558
594
518
505
403
464
432
442
452
404
419
435
494
496
488
526
503
479
505
502
423
428
444
534
528
677
516
594
585
549
495
534
563
486
518
502
623
700
607
579
556
557
424
529
479
499
490
576
600
631
578
531
477
546
510
548
580
516
573
534
637
677
609
631
540
526
529
622
603
564
551
572
678
696
591
612
577
590
574
682
615
493
557
596
610
740
650
615
573
558
536
634
555
549
544
581
668
642
640
632
565
594
522
607
570
507
556
590
610
772
653
593
573
589
538
603
626
531
520
553
583
652
628
678
556
531
519
584
631
516
535
578
618
715
599
524
535
529
538
642
627
489
585
518
615
635
601
634
554
552
500
599
557
537
513
556
669
653
598
658
567
584
543
655
493
556
536
585
648
757
627
656
599
621
557
558
582
531
609
590
670
738
745
691
587
604
589
692
681
567
583
608
704
811
769
681
606
590
518
595
608
634
549
621
731
892
671
628
619
657
637
624
688
554
658
624
666
734
661
660
640
651
644
696
735
622
660
722
853
842
725
768
677
605
723
704
636
624
630
657
768
777
770
721
642
755
757
777
999
628
681
713
820
815
675
807
719
659
626
696
722
625
679
692
819
1120
867
891
736
708
706
765
700
682
744
769
879
900
740
798
731
764
700
884
751
736
713
754
934
1000
894
853
882
805
739
799
816
774
772
858
978
1007
956
925
914
816
812
858
868
743
828
863
989
1170
936
915
901
861
831
876
933
787
829
847
964
974
931
918
820
840
759
967
825
789
860
818
992
1043
969
980
907
879
855
906
902
821
854
870
1025
1159
1308
1105
993
953
842
897
942
870
856
856
1058
1066
1041
1065
946
944
912
1012
955
855
844
934
1115
1228
1012
1045
939
854
910
903
916
852
856
951
1064
1398
1146
1127
926
929
875
1082
965
860
886
896
1079
1077
1010
1094
1005
971
953
1070
1043
941
889
969
1151
1345
1191
1070
1037
1009
1037
1026
1067
1000
1018
1028
1360
